01000010110101110010110000100100
01000010000101001011011111001010
01000001111101001011010010110011
01000010111000100000000000000000
01000010010000011111000001111011
01000001110011110000111100001110
01000010110111110100000000000000
01000010001100011100011100011011
01000001111000011110000111100001
01000010101100001101011110010100
01000010000001010101010101010100
01000010001100101101001011010010
01000010101000111110011100000110
01000001110101001111110010101011
01000010011100011001000110010000
01000010100101110100110111101010
01000001110101011111010000010110
01000010100001101110011011100110
01000010100100000000000000000000
01000001111001011110001010010010
01000010100010000111100001110111
01000010100010101101001011010010
01000001111010111101011010001111
01000010100001111010111110101111
01000010100011000110000010011010
01000001111011100011001111000101
01000010100010111001101110011011
01000010100011000110000010011010
01000001111110101110001100110111
01000010100001001000110010001100
01000010100100000000000000000000
01000001111000001011100000010110
01000010100010111001101110011011
01000010100101100000000000000000
01000001110010000000000000000000
01000010100101101001011010010110
01000010100110011110100110111110
01000001101111111010101010101010
01000010100101101001011010010110
01000010101001010101010101010110
01000001110000001000001101101011
01000010100100101010101010101010
01000010101010001001001001001010
01000001101111011101010010011100
01000010100010101101001011010010
01000010101000001101100111100000
01000001111011000111101001011100
01000010011110010110100101101000
01000010100010111010001011101000
01000010000000111011110010001100
01000010100000101111101011111010
01000010100010000100010101101100
01000010000001001001010110010010
01000010100010111001101110011011
01000010100010000111100001111000
01000001110100100100111100101100
01000010100110000010100000100111
01000010100100000000000000000000
01000001110010010001111000000111
01000010100011000110010001100011
01000010100100011111001000101010
01000001110011101111111000110100
01000010011000000101000001001111
01000010101001000000000000000000
01000010000001101101010011011010
01000010000010111001101110011011
01000010101010100000000000000000
01000010011001001001001001001000
01000001100000111100001111000011
01000010110001011010010110100110
01000010000100001010111001001011
01000001100100110111001101110010
01000010110010101000000000000000
01000001100001010101010101010100
01000010000101101001011010010110
01000010110010101000000000000000
01000001001000110000111010101100
01000010011101100100011001000101
01000010101110000000000000000000
01000000111111011111011111011110
01000010100101000011110000111011
01000010101100001101011110010100
01000001000101000100101011101100
01000010101000001100100011001000
01000010100100110100010111010010
01000001001010111011010100010010
01000010101000001100100011001000
01000010100100111011000100111100
01000001010011101111011100010100
01000010100111011010010110100101
01000010100011000000000000000000
01000001010111000010111011110111
01000010101010101111101011111010
01000010100100010111010001011110
01000001011001111001010000110101
01000010101100101101001011010010
01000010100100011011011011011100
01000001010010101011011100000101
01000010101011010101010101010100
01000010100110101101011010110110
01000001010111010110110110110110
01000010101011111010111110101111
01000010100100001011010010110100
01000001011100011100011100011100
01000010101100000111100001110111
01000010100100001001110110001010
01000001100010110100100100100100
01000010101011111010111110101111
01000010100100010001110111000100
01000001100111011100110001010100
01000010101010101111101011111010
01000010100100000000000000000000
01000001101011010001001110110000
01000010101000110010001100100010
01000010100011000000000000000000
01000001101010110110110110110110
01000010100110011011100110111001
01000010110011000111110011100000
01000001101011011000101110000010
01000010100101000011110000111011
01000010110010101111001010000110
01000001100110001100001110001000
01000010100111000001010000010011
01000010110010101111001010000110
01000001100100000001001101101001
01000010101001010111110101111100
01000010110001001111100100010100
01000001100010101111011110010110
01000010101001110000111100001110
01000010100010000101110100011000
01000001101010100000110001011101
01000010101000100101101001011001
01000010100010000111100001111000
01000001110010000000000000000000
01000010100111111111111111111111
01000010100010000100010101101100
01000001111000101110110001001101
01000010101000110010001100100010
01000010110000110100000000000000
01000001111110011100000110001110
01000010101000001100100011001000
01000010110000110100000000000000
01000010000000111111010101110001
01000010100110000010100000100111
01000010100001111000111000111000
01000001110010001110111000100010
01000010101010001010000010011111
01000010100001111000111000111000
01000001110000110111100110100000
01000010101011010101010101010100
