32
00111110100100111010101101111111
00111110000101101000101010100110
00111110000010011000010101001100
00111110100100011011110110101110
00111110100111001100111010000101
10111101101110110010010011011010
10111110000000110011110011101101
10111110001110101100110110110100
10111110101101101010001101010110
00111101101100010110011111110010
10111101100010011010010000001101
00111100110101101001000001111111
00111101100010011010101010001001
10111110110111110001001101111010
00111110001011101101110100101001
10111110011110010001010100100111
00111110001000111011110011000101
10111110110010001100111001001010
00111110010100111111100100010011
10111110100011010000001110011010
10111110011110010010101000001111
10111110000110000100000010010011
10111110100100011100100001011011
00111101111010010111111111101100
10111110001010011111111010000101
00111110110101110110000000110000
00111110101100111110001011100111
10111001001111000000011101100011
00111110110001110111100111100010
10111011101101100100110011111100
10111110100011001101110100000110
10111101011101100110000100010110
