32
10111110011001000110011001010001
10111110010001010001110000010101
10111110100001000111000011101110
10111110000011110100001110011101
10111110100100110110000110110000
10111110101000101110010000010010
10111110100100110000101001001011
10111110100101010101011000011100
10111110100110111001011000001100
10111110100100111100101001010101
00111110001111111110011111011111
00111110001110000010000111011000
10111101111011111000010001101100
00111110100111001100100010101000
10111110011100101101110100000100
00111100101111010011010100110110
00111101101101001011111101000101
00111100000010011111000010111000
10111110101011001110000111011010
00111110011100100111011000000111
00111110010000100100001011101100
00111110010000010011001011101010
10111101110110100000110110001101
10111110000001000001000100001010
10111110100111111110110010011101
00111110100111010011110100100001
10111110100011100111111011101100
00111100001111111001000001110100
10111110101001011100110000101100
00111110101011101001100110000110
00111101111001011010010100001001
10111110000100001000110011011110
