10111011110001101101111110111010
00111011111001011001011001100010
00111011000011010011101000001101
00111100001110011010001001001111
00111011010000101010000110000110
10111011011011001110110011001011
10111001001101011100000100000011
10111100001101001101111010011000
00111011010010001011101100011101
00111011011101101101011000001010
10111011100000101010100010101101
00111011110111111101111001101101
10111011010010011010010110011110
10111010101111110001101111010001
10111010000000011011010011010111
00111011101010011110101001011011
