00111100010110101100000111010101
00111010101111111111101010001000
00111011111000111010000011000011
10111011100110000011100101000000
00111100101101101101111001100010
10111011011001001000001111111011
00111100111101011001001010000101
10111100100010011111000000111000
00111010111110010101101101100011
00111010101010010100000011100100
00111001011011101100101010101101
00111100001001111000001001100100
00111011101010000010110100101101
00111001101101011000111001100100
00111011001100101110110001100110
00111100100001011001010010011110
