00111011110000000001110101000000
00111100000111100011010010011100
10111011000001001111011111011101
00111011100101010010010001110000
10111011001001010011111000000010
00111100000010001011101111111100
10111011011101000000110010000001
00111100100010101100111011100101
10111001110010000001100101010011
10111010101100010111100110000010
00111011100010000110110111101101
00111011100001101001111110011000
10111010011010111000111001000100
00111011100001000001010100101001
00111011100100001100111011110111
10111011101111001101010000000110
